[[[-0.6007273  -0.14786166]
  [-0.61986464 -0.10224229]
  [-0.6077656  -0.07614702]
  [-0.64250076 -0.08329242]
  [-0.61553866 -0.0570792 ]
  [-0.6445297  -0.07127547]
  [-0.6166451  -0.05387074]
  [-0.64459574 -0.06914419]
  [-0.6168517  -0.05335665]
  [-0.64451194 -0.06883341]
  [-0.61684763 -0.05330604]
  [-0.64454615 -0.06877494]]

 [[-0.60940325  0.8258491 ]
  [-0.58773124  0.8409998 ]
  [-0.6317316   0.84133506]
  [-0.6000336   0.8558277 ]
  [-0.640002    0.8562248 ]
  [-0.60629684  0.8673619 ]
  [-0.6439378   0.86779463]
  [-0.6094056   0.87572664]
  [-0.6460999   0.8761739 ]
  [-0.6109375   0.88166344]
  [-0.6476319   0.8821107 ]
  [-0.6120157   0.8858422 ]]

 [[-0.6008874   0.79548156]
  [-0.56317544  0.82625675]
  [-0.5998289   0.82694674]
  [-0.56775427  0.84529847]
  [-0.60444874  0.8457457 ]
  [-0.5708334   0.8575283 ]
  [-0.60752785  0.8579756 ]
  [-0.5728498   0.86538035]
  [-0.6095443   0.86582756]
  [-0.5741505   0.87042093]
  [-0.61084497  0.87086815]
  [-0.57498264  0.873646  ]]

 [[-0.5872915   0.76758265]
  [-0.5440919   0.82574487]
  [-0.5790303   0.8262453 ]
  [-0.55222344  0.8481879 ]
  [-0.58573455  0.846636  ]
  [-0.5527323   0.857504  ]
  [-0.5886812   0.85630053]
  [-0.55391526  0.8618854 ]
  [-0.5901502   0.86055255]
  [-0.5545802   0.8638092 ]
  [-0.59078646  0.8623657 ]
  [-0.55486536  0.8646246 ]]

 [[-0.44811732 -0.74957174]
  [-0.45502365 -0.72647375]
  [-0.43460685 -0.71414775]
  [-0.43914574 -0.7028379 ]
  [-0.44057363 -0.6943597 ]
  [-0.44229668 -0.6880309 ]
  [-0.44362718 -0.6830867 ]
  [-0.44466007 -0.6793007 ]
  [-0.44545865 -0.6764119 ]
  [-0.4460696  -0.67419225]
  [-0.4465357  -0.6724939 ]
  [-0.44688988 -0.6711995 ]]

 [[-0.44398022 -0.7560597 ]
  [-0.4443829  -0.73324805]
  [-0.43989652 -0.7168817 ]
  [-0.43813372 -0.7036857 ]
  [-0.43899465 -0.69456583]
  [-0.44044662 -0.68829423]
  [-0.4418972  -0.6834367 ]
  [-0.4430095  -0.6796474 ]
  [-0.44386297 -0.6767251 ]
  [-0.4445094  -0.6744439 ]
  [-0.44499862 -0.6726746 ]
  [-0.4453712  -0.6713241 ]]

 [[-0.2537948  -0.03130805]
  [-0.23179501 -0.03984892]
  [-0.2497909  -0.0325945 ]
  [-0.24287343 -0.02300256]
  [-0.24397439 -0.01623458]
  [-0.24264318 -0.00972134]
  [-0.24320662 -0.0052864 ]
  [-0.24406159 -0.00172383]
  [-0.24476928  0.00127774]
  [-0.24538565  0.00380105]
  [-0.24588871  0.00590748]
  [-0.24631315  0.00766116]]

 [[-0.00966835  0.64787984]
  [-0.01127762  0.65159535]
  [-0.04543093  0.6532743 ]
  [ 0.02768135  0.666413  ]
  [-0.04741478  0.6633127 ]
  [ 0.02585453  0.6738837 ]
  [-0.04392672  0.6729133 ]
  [-0.00830418  0.6795373 ]
  [-0.04690608  0.6799028 ]
  [-0.00974098  0.68467903]
  [-0.04809213  0.68505526]
  [-0.01047975  0.6886788 ]]

 [[-0.05046409  0.19386941]
  [-0.05403718  0.18043137]
  [-0.05747908  0.18458712]
  [-0.0689432   0.18662679]
  [-0.061216    0.19669256]
  [-0.07123637  0.19772908]
  [-0.06508693  0.20504376]
  [-0.07031769  0.20740664]
  [-0.06830227  0.21187866]
  [-0.07081452  0.21458438]
  [-0.070077    0.21770597]
  [-0.07152605  0.21995628]]

 [[ 0.3200604   0.55198723]
  [ 0.34661114  0.56281734]
  [ 0.2913258   0.5670618 ]
  [ 0.3634929   0.57283735]
  [ 0.3050264   0.5744597 ]
  [ 0.35147005  0.58494365]
  [ 0.30821842  0.5835652 ]
  [ 0.34662107  0.59291154]
  [ 0.31464696  0.59171236]
  [ 0.33698487  0.5986263 ]
  [ 0.3191676   0.59952176]
  [ 0.33451405  0.6038316 ]]

 [[ 0.02788609 -0.39064127]
  [ 0.02853423 -0.35281366]
  [ 0.0313938  -0.34657425]
  [ 0.02876961 -0.3330372 ]
  [ 0.02658314 -0.3243838 ]
  [ 0.02496326 -0.31808048]
  [ 0.02376103 -0.3133964 ]
  [ 0.02287328 -0.30993384]
  [ 0.02222076 -0.3073861 ]
  [ 0.02174339 -0.30551928]
  [ 0.0213958  -0.30415827]
  [ 0.02114397 -0.30317068]]

 [[ 0.1413362  -0.4185751 ]
  [ 0.13095924 -0.3406977 ]
  [ 0.11622339 -0.37182325]
  [ 0.1121622  -0.3334902 ]
  [ 0.11003622 -0.33266598]
  [ 0.1084874  -0.32706493]
  [ 0.10737529 -0.3221919 ]
  [ 0.10660455 -0.31886226]
  [ 0.10608718 -0.31685776]
  [ 0.10573733 -0.31550092]
  [ 0.10550368 -0.3145942 ]
  [ 0.10534978 -0.31399626]]

 [[-0.02142733 -0.34916693]
  [-0.00190163 -0.3122818 ]
  [-0.00446689 -0.31516534]
  [-0.00343809 -0.3036576 ]
  [-0.00551093 -0.29636878]
  [-0.0070754  -0.2905032 ]
  [-0.00834656 -0.28546828]
  [-0.00941449 -0.28117776]
  [-0.01030537 -0.27752566]
  [-0.01104313 -0.27441776]
  [-0.01164994 -0.27177304]
  [-0.01214582 -0.26952243]]

 [[ 0.18769094 -0.1813094 ]
  [ 0.18662721 -0.19132394]
  [ 0.17904554 -0.173361  ]
  [ 0.17551264 -0.16618288]
  [ 0.17389491 -0.15804607]
  [ 0.17296156 -0.15109491]
  [ 0.1721692  -0.14557987]
  [ 0.17149407 -0.14126605]
  [ 0.1709426  -0.1379891 ]
  [ 0.17045453 -0.13562131]
  [ 0.1700225  -0.13394707]
  [ 0.16969007 -0.13265884]]

 [[ 0.2015261  -0.15310955]
  [ 0.18994364 -0.1633277 ]
  [ 0.18780342 -0.14819294]
  [ 0.18622912 -0.14204437]
  [ 0.18553236 -0.13333613]
  [ 0.18561962 -0.12610048]
  [ 0.18561809 -0.12064135]
  [ 0.18535061 -0.11634046]
  [ 0.1849407  -0.11311847]
  [ 0.18449005 -0.1106472 ]
  [ 0.18409668 -0.10872644]
  [ 0.1837624  -0.10723323]]

 [[ 0.1922801  -0.49669784]
  [ 0.18365161 -0.48763472]
  [ 0.18250112 -0.4800052 ]
  [ 0.18012726 -0.46936768]
  [ 0.17819199 -0.4618327 ]
  [ 0.17672445 -0.45614678]
  [ 0.1756182  -0.4518507 ]
  [ 0.17478794 -0.4486224 ]
  [ 0.1741675  -0.44620818]
  [ 0.1737061  -0.44441134]
  [ 0.17336479 -0.4430812 ]
  [ 0.17311376 -0.44210213]]

 [[ 0.15669876 -0.45842546]
  [ 0.16583829 -0.4143929 ]
  [ 0.16368052 -0.41467363]
  [ 0.16070582 -0.4053051 ]
  [ 0.1587677  -0.39772338]
  [ 0.15727144 -0.3919186 ]
  [ 0.156122   -0.38745743]
  [ 0.15524349 -0.3840459 ]
  [ 0.15457559 -0.38145036]
  [ 0.154071   -0.37948805]
  [ 0.15369286 -0.37801617]
  [ 0.15341213 -0.3769223 ]]

 [[ 0.3048252  -0.66970986]
  [ 0.3056995  -0.66534704]
  [ 0.30422682 -0.6591225 ]
  [ 0.30262306 -0.65289193]
  [ 0.30123436 -0.6474802 ]
  [ 0.30003798 -0.642795  ]
  [ 0.29901242 -0.6387479 ]
  [ 0.29813752 -0.6352567 ]
  [ 0.29739466 -0.6322481 ]
  [ 0.29675692 -0.62971467]
  [ 0.29620925 -0.62760514]
  [ 0.29574817 -0.62582904]]

 [[ 0.41774923 -0.83802634]
  [ 0.4182362  -0.8410509 ]
  [ 0.41812146 -0.84316844]
  [ 0.41764188 -0.8445266 ]
  [ 0.4170005  -0.845362  ]
  [ 0.41633037 -0.8459043 ]
  [ 0.41569367 -0.8462978 ]
  [ 0.41511017 -0.846613  ]
  [ 0.4145815  -0.84688157]
  [ 0.41410345 -0.84711784]
  [ 0.41367033 -0.84732956]
  [ 0.41327667 -0.8475211 ]]

 [[ 0.3539306  -0.85035676]
  [ 0.35369015 -0.8547304 ]
  [ 0.35297564 -0.857928  ]
  [ 0.3521063  -0.8602696 ]
  [ 0.35124803 -0.86198586]
  [ 0.35047355 -0.86324567]
  [ 0.34980643 -0.86417323]
  [ 0.3492464  -0.86485904]
  [ 0.34878343 -0.8653683 ]
  [ 0.3484041  -0.86574835]
  [ 0.3480951  -0.8660336 ]
  [ 0.3478442  -0.8662489 ]]

 [[ 0.62631154 -0.04650706]
  [ 0.6131772  -0.07006472]
  [ 0.6137396  -0.05392671]
  [ 0.6102083  -0.04318458]
  [ 0.61150444 -0.03615117]
  [ 0.6125077  -0.04570681]
  [ 0.61198914 -0.038616  ]
  [ 0.61196804 -0.04255581]
  [ 0.6123172  -0.03744954]
  [ 0.6115041  -0.0449456 ]
  [ 0.6127778  -0.03782988]
  [ 0.6108901  -0.04581565]]

 [[ 0.6206374   0.01451331]
  [ 0.60292983 -0.01483947]
  [ 0.59948224 -0.00372273]
  [ 0.5970274   0.00556189]
  [ 0.5952685   0.01256877]
  [ 0.59403896  0.01734132]
  [ 0.5931614   0.02074689]
  [ 0.592552    0.0231114 ]
  [ 0.59214926  0.02467376]
  [ 0.59190094  0.02563721]
  [ 0.59177125  0.02614069]
  [ 0.59171134  0.02637309]]

 [[ 0.6311734   0.00540173]
  [ 0.6297018  -0.01047343]
  [ 0.62662214  0.00659281]
  [ 0.6240611   0.01769948]
  [ 0.6223041   0.0245139 ]
  [ 0.621099    0.02918702]
  [ 0.62027735  0.03237337]
  [ 0.61971974  0.03453559]
  [ 0.6193432   0.03599566]
  [ 0.61909026  0.03697652]
  [ 0.6189213   0.03763199]
  [ 0.61880887  0.03806794]]

 [[ 0.61773443 -0.03847879]
  [ 0.6023578  -0.06033564]
  [ 0.6010919  -0.04257601]
  [ 0.6005931  -0.03127891]
  [ 0.60036445 -0.02426964]
  [ 0.5998958  -0.02023405]
  [ 0.5993604  -0.0173291 ]
  [ 0.5990371  -0.01519221]
  [ 0.5987913  -0.01363939]
  [ 0.5986228  -0.01252794]
  [ 0.59850943 -0.01175421]
  [ 0.5984363  -0.01123363]]

 [[-0.50285983 -0.8764544 ]
  [-0.5127135  -0.8538205 ]
  [-0.51255226 -0.8387149 ]
  [-0.511335   -0.84381217]
  [-0.5123787  -0.8368922 ]
  [-0.51012796 -0.8457158 ]
  [-0.51165766 -0.8360235 ]
  [-0.5090704  -0.8461842 ]
  [-0.51083946 -0.83637136]
  [-0.5082845  -0.84639674]
  [-0.5102155  -0.8366937 ]
  [-0.5077017  -0.84654945]]

 [[-0.48883736 -0.86123127]
  [-0.49906498 -0.8357858 ]
  [-0.50562155 -0.81816727]
  [-0.5031623  -0.82798904]
  [-0.50714624 -0.814737  ]
  [-0.5038246  -0.827907  ]
  [-0.5079013  -0.81424516]
  [-0.50454295 -0.8275787 ]
  [-0.5086239  -0.8137962 ]
  [-0.50523466 -0.82726616]
  [-0.5093215  -0.8133628 ]
  [-0.50590295 -0.82696277]]

 [[-0.46713173 -0.8462314 ]
  [-0.48293668 -0.81720513]
  [-0.47782224 -0.800276  ]
  [-0.47642004 -0.8069045 ]
  [-0.47875834 -0.7969143 ]
  [-0.4755274  -0.81025404]
  [-0.4793942  -0.79593855]
  [-0.47607058 -0.8100123 ]
  [-0.47953272 -0.79564065]
  [-0.47613966 -0.8099986 ]
  [-0.4795488  -0.7956036 ]
  [-0.4761476  -0.80999666]]

 [[-0.46280605  0.78259414]
  [-0.42750245  0.82802004]
  [-0.4638794   0.828942  ]
  [-0.44038635  0.84684545]
  [-0.47497022  0.8467938 ]
  [-0.43040717  0.8557762 ]
  [-0.46710163  0.8562234 ]
  [-0.43225604  0.86281055]
  [-0.4689505   0.86325777]
  [-0.43336737  0.8671174 ]
  [-0.47006184  0.8675647 ]
  [-0.43404436  0.8697411 ]]

 [[ 0.27906406 -0.8609268 ]
  [ 0.27837533 -0.8653485 ]
  [ 0.27740678 -0.86687785]
  [ 0.27649152 -0.8672758 ]
  [ 0.27578083 -0.86762255]
  [ 0.27520996 -0.86789864]
  [ 0.27474803 -0.86812264]
  [ 0.27437198 -0.8683049 ]
  [ 0.2740645  -0.8684539 ]
  [ 0.2738122  -0.8685762 ]
  [ 0.27360457 -0.86867684]
  [ 0.2734333  -0.8687598 ]]

 [[-0.50161254 -0.88767844]
  [-0.511557   -0.8655743 ]
  [-0.5145252  -0.8538076 ]
  [-0.5123565  -0.8622317 ]
  [-0.51296437 -0.85774845]
  [-0.51113176 -0.86309344]
  [-0.5121044  -0.8579319 ]
  [-0.5102908  -0.86353856]
  [-0.51141024 -0.8583227 ]
  [-0.5096714  -0.8637993 ]
  [-0.51085407 -0.8587212 ]
  [-0.50920236 -0.8639737 ]]

 [[-0.48243022 -0.87880176]
  [-0.48762548 -0.850316  ]
  [-0.48963952 -0.8330981 ]
  [-0.4865123  -0.8452737 ]
  [-0.4873513  -0.8352954 ]
  [-0.48462284 -0.8459038 ]
  [-0.48632675 -0.8327938 ]
  [-0.48330086 -0.8445627 ]
  [-0.4852231  -0.83311456]
  [-0.48229998 -0.84447855]
  [-0.48502755 -0.8322665 ]
  [-0.4820186  -0.8439638 ]]

 [[-0.59768724  0.7924656 ]
  [-0.55966306  0.8364193 ]
  [-0.59176266  0.83817095]
  [-0.55927646  0.86007476]
  [-0.59594727  0.8605164 ]
  [-0.5517236   0.86934984]
  [-0.58841807  0.8697971 ]
  [-0.55327404  0.87535846]
  [-0.5899685   0.8758057 ]
  [-0.5541029   0.87857026]
  [-0.59079725  0.8790175 ]
  [-0.5545434   0.8802775 ]]]