[[[-0.98245976  0.02480351]
  [-0.98019721  0.02558098]
  [-0.97734561  0.02616656]
  [-0.97475027  0.02661207]
  [-0.97277579  0.02481732]
  [-0.96946834  0.02544341]
  [-0.96751679  0.02537286]
  [-0.96427495  0.02446736]]

 [[-0.86498081  0.83677305]
  [-0.86528582  0.84151245]
  [-0.86556948  0.84502027]
  [-0.86625939  0.84942497]
  [-0.86580158  0.85457609]
  [-0.86626421  0.85804628]
  [-0.86610446  0.86323559]
  [-0.86590917  0.86662135]]

 [[-0.66839936  0.81730598]
  [-0.66884284  0.82274919]
  [-0.66932277  0.82760525]
  [-0.67036556  0.83198765]
  [-0.67068362  0.83707518]
  [-0.67101795  0.84241085]
  [-0.67136868  0.84729838]
  [-0.67116174  0.85187896]]

 [[-0.6508944   0.83116662]
  [-0.65083075  0.83703184]
  [-0.65072408  0.84261116]
  [-0.6507879   0.84752417]
  [-0.65096696  0.85144123]
  [-0.65161061  0.85678476]
  [-0.65179531  0.86208948]
  [-0.65176474  0.86712989]]

 [[-0.55090843 -0.69570485]
  [-0.55043749 -0.69877523]
  [-0.54946417 -0.70204314]
  [-0.54908869 -0.7057963 ]
  [-0.54873057 -0.70850811]
  [-0.54806628 -0.71122199]
  [-0.54822308 -0.71365316]
  [-0.54739265 -0.71802604]]

 [[-0.52636792 -0.6819446 ]
  [-0.52607177 -0.68568119]
  [-0.52526683 -0.68919896]
  [-0.52502553 -0.69107916]
  [-0.52473075 -0.69419834]
  [-0.52436238 -0.6979935 ]
  [-0.52317046 -0.69990845]
  [-0.52279813 -0.70324811]]

 [[-0.30004531 -0.00568182]
  [-0.30126118 -0.00847708]
  [-0.30195136 -0.01215954]
  [-0.30330768 -0.01469321]
  [-0.3047514  -0.01949926]
  [-0.30606555 -0.02377666]
  [-0.30804055 -0.0266791 ]
  [-0.30881188 -0.02933791]]

 [[-0.08257344  0.65661051]
  [-0.08436342  0.66095395]
  [-0.08571996  0.66441712]
  [-0.08702407  0.66759786]
  [-0.08928122  0.67134494]
  [-0.09075574  0.67605689]
  [-0.09197284  0.68018227]
  [-0.09410384  0.68488295]]

 [[-0.00537633  0.17999657]
  [-0.00711321  0.18381084]
  [-0.0087992   0.18834366]
  [-0.01002618  0.19149204]
  [-0.01194443  0.19457545]
  [-0.01257812  0.19793787]
  [-0.01317273  0.20116684]
  [-0.01915872  0.20386632]]

 [[ 0.36650265  0.50144485]
  [ 0.36563271  0.50343855]
  [ 0.36523227  0.50412832]
  [ 0.36443475  0.50550638]
  [ 0.36285491  0.50792844]
  [ 0.36117429  0.51033049]
  [ 0.35940996  0.51250121]
  [ 0.35845565  0.51371953]]

 [[ 0.0279404  -0.35758616]
  [ 0.02990576 -0.35820827]
  [ 0.03299553 -0.35862909]
  [ 0.03585928 -0.35927308]
  [ 0.03764815 -0.35918749]
  [ 0.0404468  -0.3615046 ]
  [ 0.0430401  -0.362261  ]
  [ 0.04490444 -0.36273814]]

 [[ 0.03671288 -0.31607564]
  [ 0.03866753 -0.31693075]
  [ 0.04128115 -0.31859185]
  [ 0.04347445 -0.31917266]
  [ 0.0457626  -0.31951718]
  [ 0.04871837 -0.32010833]
  [ 0.05110721 -0.32145886]
  [ 0.05400427 -0.32187715]]

 [[ 0.03847095 -0.28006135]
  [ 0.0402121  -0.2805259 ]
  [ 0.04263671 -0.28108197]
  [ 0.04474007 -0.28184691]
  [ 0.04706005 -0.28110122]
  [ 0.05004045 -0.28154879]
  [ 0.05278861 -0.28072081]
  [ 0.05575622 -0.28187294]]

 [[ 0.21567212 -0.21349568]
  [ 0.21373878 -0.21207615]
  [ 0.21156205 -0.21149216]
  [ 0.20903762 -0.21074586]
  [ 0.20733164 -0.20904404]
  [ 0.20587691 -0.20800943]
  [ 0.20338431 -0.20615196]
  [ 0.20152999 -0.20541303]]

 [[ 0.22618446 -0.19139674]
  [ 0.22421343 -0.19027135]
  [ 0.22218489 -0.18807258]
  [ 0.2195447  -0.18667696]
  [ 0.21761492 -0.18645779]
  [ 0.21572795 -0.1860566 ]
  [ 0.21365739 -0.18462196]
  [ 0.21167776 -0.18408944]]

 [[ 0.18582163 -0.44906604]
  [ 0.1878872  -0.44946835]
  [ 0.19052983 -0.45005656]
  [ 0.19276723 -0.45051944]
  [ 0.19522428 -0.45018455]
  [ 0.1980739  -0.45068619]
  [ 0.20014509 -0.45012007]
  [ 0.20200551 -0.45030184]]

 [[ 0.18932492 -0.40475446]
  [ 0.19096104 -0.4061553 ]
  [ 0.19275817 -0.40660237]
  [ 0.19473985 -0.408926  ]
  [ 0.19683711 -0.40964269]
  [ 0.19911302 -0.40969448]
  [ 0.20085288 -0.4121395 ]
  [ 0.20250168 -0.4126616 ]]

 [[ 0.40684514 -0.69303902]
  [ 0.40602295 -0.6917438 ]
  [ 0.40498599 -0.68931605]
  [ 0.40399656 -0.6884663 ]
  [ 0.40379523 -0.68714805]
  [ 0.40320993 -0.68461607]
  [ 0.40231543 -0.6820628 ]
  [ 0.40417032 -0.67299791]]

 [[ 0.43311974 -0.90356497]
  [ 0.43271437 -0.89835726]
  [ 0.43221943 -0.89323045]
  [ 0.43233198 -0.88855206]
  [ 0.43134685 -0.88321815]
  [ 0.43082636 -0.87760788]
  [ 0.43020928 -0.87225609]
  [ 0.4305594  -0.86742443]]

 [[ 0.46826007 -0.88970216]
  [ 0.46828073 -0.88633014]
  [ 0.46846453 -0.88199918]
  [ 0.46876588 -0.87820208]
  [ 0.46902748 -0.87441908]
  [ 0.46841736 -0.87107217]
  [ 0.46886091 -0.86769841]
  [ 0.4698972  -0.86360268]]

 [[ 0.69809106 -0.04181975]
  [ 0.69924719 -0.04215762]
  [ 0.70031947 -0.04323606]
  [ 0.70180437 -0.04336283]
  [ 0.70361688 -0.04382028]
  [ 0.70508707 -0.04434261]
  [ 0.705844   -0.04584358]
  [ 0.70755324 -0.04629344]]

 [[ 0.72787121 -0.01408622]
  [ 0.72874296 -0.01614757]
  [ 0.73052035 -0.01811649]
  [ 0.73126124 -0.02099766]
  [ 0.73271763 -0.02285364]
  [ 0.7336911  -0.02522453]
  [ 0.7352538  -0.02694905]
  [ 0.73692682 -0.0279661 ]]

 [[ 0.76118334 -0.07493492]
  [ 0.76205938 -0.07685326]
  [ 0.76357378 -0.07821086]
  [ 0.76369339 -0.08011918]
  [ 0.76472344 -0.08197182]
  [ 0.76530782 -0.08266296]
  [ 0.76626505 -0.08299958]
  [ 0.76657665 -0.08426351]]

 [[ 0.71739644 -0.10821391]
  [ 0.7180547  -0.10816579]
  [ 0.71944613 -0.10806181]
  [ 0.72032568 -0.10806738]
  [ 0.72056772 -0.10827154]
  [ 0.7207362  -0.10859181]
  [ 0.72113758 -0.10915154]
  [ 0.72224672 -0.10973883]]

 [[-0.61582993 -0.85085918]
  [-0.61652507 -0.84555649]
  [-0.61733427 -0.84052302]
  [-0.61747125 -0.83641347]
  [-0.61779099 -0.83149112]
  [-0.6187791  -0.82733992]
  [-0.61941725 -0.82238932]
  [-0.62042609 -0.81821213]]

 [[-0.58954687 -0.8370624 ]
  [-0.59011995 -0.83335769]
  [-0.59065504 -0.82930966]
  [-0.59025282 -0.82485086]
  [-0.59091267 -0.82175377]
  [-0.59074297 -0.81694982]
  [-0.5919384  -0.8111571 ]
  [-0.59145521 -0.80672437]]

 [[-0.56673696 -0.81769018]
  [-0.56724222 -0.81461221]
  [-0.56747615 -0.81075509]
  [-0.56758777 -0.80652945]
  [-0.56767926 -0.80124647]
  [-0.56792366 -0.79674631]
  [-0.56736101 -0.79156126]
  [-0.56735229 -0.78735983]]

 [[-0.5404319   0.82013373]
  [-0.54119006  0.81640817]
  [-0.542159    0.81163671]
  [-0.542398    0.80659788]
  [-0.54251803  0.80265783]
  [-0.54271698  0.79829355]
  [-0.54329792  0.79463331]
  [-0.54261125  0.79046138]]

 [[ 0.42965145 -0.92851047]
  [ 0.42964203 -0.92303743]
  [ 0.42955384 -0.91807889]
  [ 0.42907954 -0.91441086]
  [ 0.42854058 -0.91008413]
  [ 0.42890681 -0.90410963]
  [ 0.42852944 -0.89972209]
  [ 0.42864291 -0.8942077 ]]

 [[-0.61046224 -0.91206014]
  [-0.61034366 -0.90714602]
  [-0.61042496 -0.90335483]
  [-0.61106905 -0.89975774]
  [-0.61140354 -0.89481507]
  [-0.61178751 -0.88989851]
  [-0.61254781 -0.88631889]
  [-0.61354846 -0.88163039]]

 [[-0.58252042 -0.89527392]
  [-0.5829404  -0.89079673]
  [-0.58365338 -0.88769054]
  [-0.58383849 -0.88301143]
  [-0.58421354 -0.87816535]
  [-0.58496179 -0.87336873]
  [-0.58502822 -0.86972067]
  [-0.58652484 -0.86554306]]

 [[-0.65793477  0.92821829]
  [-0.65619351  0.92562718]
  [-0.65442684  0.92259522]
  [-0.65265099  0.91930406]
  [-0.65096123  0.91580652]
  [-0.64935185  0.91383117]
  [-0.64840931  0.91068471]
  [-0.64681152  0.90716272]]]