[[[-0.96244024  0.02283246]
  [-0.95953801  0.02227413]
  [-0.95696133  0.02148688]
  [-0.9548618   0.02031146]
  [-0.95286905  0.01993756]
  [-0.95026147  0.01907156]
  [-0.94698935  0.01784839]
  [-0.94546237  0.01730313]
  [-0.94324861  0.01714466]
  [-0.94004793  0.01663087]
  [-0.93762715  0.01594159]
  [-0.93600406  0.01505699]]

 [[-0.86724905  0.87145333]
  [-0.86713611  0.8743313 ]
  [-0.86816581  0.87916815]
  [-0.8688745   0.88397585]
  [-0.87005711  0.88761856]
  [-0.87082675  0.89131299]
  [-0.87174291  0.89455473]
  [-0.87230589  0.89847533]
  [-0.87368558  0.90389583]
  [-0.87493572  0.90862103]
  [-0.87540303  0.91203521]
  [-0.87609503  0.91598315]]

 [[-0.67186536  0.85743219]
  [-0.67186215  0.86285326]
  [-0.67160318  0.86773527]
  [-0.67121298  0.87216825]
  [-0.67175375  0.87569087]
  [-0.67154248  0.88065935]
  [-0.67096765  0.88618009]
  [-0.67086309  0.89050535]
  [-0.67136381  0.89643891]
  [-0.67153062  0.90030032]
  [-0.67165316  0.90467305]
  [-0.67175096  0.9108491 ]]

 [[-0.6530193   0.87135811]
  [-0.6524457   0.87624147]
  [-0.65268723  0.88111233]
  [-0.65326357  0.88575686]
  [-0.6531063   0.89140878]
  [-0.65422475  0.89544448]
  [-0.65491506  0.90095285]
  [-0.65602746  0.90690512]
  [-0.65650588  0.91295077]
  [-0.65700131  0.91718671]
  [-0.65649067  0.9222161 ]
  [-0.65647741  0.9271684 ]]

 [[-0.54695609 -0.72125858]
  [-0.54653581 -0.72423741]
  [-0.54536348 -0.72678386]
  [-0.54500574 -0.72985132]
  [-0.54444642 -0.73201686]
  [-0.5445621  -0.73470369]
  [-0.54338162 -0.7378727 ]
  [-0.54377952 -0.74169289]
  [-0.54326427 -0.74503051]
  [-0.54221061 -0.7484065 ]
  [-0.5420319  -0.75298492]
  [-0.54194076 -0.75613037]]

 [[-0.52202889 -0.70479228]
  [-0.52186146 -0.70762715]
  [-0.52162871 -0.71098197]
  [-0.52150109 -0.71521474]
  [-0.52048765 -0.71762196]
  [-0.5200085  -0.72029824]
  [-0.51932219 -0.72383859]
  [-0.51845864 -0.72825621]
  [-0.51825843 -0.73174799]
  [-0.51829026 -0.7357418 ]
  [-0.51721908 -0.73855618]
  [-0.51666707 -0.74251008]]

 [[-0.31012246 -0.03440071]
  [-0.31156853 -0.03696243]
  [-0.31297959 -0.04073773]
  [-0.31496908 -0.04331329]
  [-0.31612722 -0.04746221]
  [-0.31810372 -0.05064672]
  [-0.32045973 -0.05357413]
  [-0.32177475 -0.05643992]
  [-0.32397158 -0.05963597]
  [-0.3256265  -0.06138852]
  [-0.32734647 -0.06428699]
  [-0.3290906  -0.06813341]]

 [[-0.09581366  0.68837362]
  [-0.09741926  0.69250872]
  [-0.10006591  0.69585454]
  [-0.10203822  0.69979377]
  [-0.10353571  0.70286419]
  [-0.10478305  0.7083243 ]
  [-0.10689754  0.71202557]
  [-0.10764011  0.7163295 ]
  [-0.10888923  0.71957562]
  [-0.11016779  0.72382454]
  [-0.11142754  0.72996382]
  [-0.11309769  0.73420881]]

 [[-0.0225856   0.20851949]
  [-0.02382397  0.20522743]
  [-0.02471269  0.20544958]
  [-0.02612243  0.2075123 ]
  [-0.02741639  0.21257517]
  [-0.02872981  0.21652574]
  [-0.02686755  0.22964491]
  [-0.02668827  0.23656206]
  [-0.02786196  0.24118137]
  [-0.02928508  0.24508685]
  [-0.03056749  0.24895447]
  [-0.03247995  0.25119787]]

 [[ 0.3578976   0.51601693]
  [ 0.35670758  0.5191251 ]
  [ 0.35584937  0.52078446]
  [ 0.35439301  0.5234477 ]
  [ 0.35314391  0.52749843]
  [ 0.35258238  0.530267  ]
  [ 0.35169556  0.53250388]
  [ 0.35006063  0.53487544]
  [ 0.34942918  0.53739902]
  [ 0.34827818  0.53983344]
  [ 0.34644206  0.54122546]
  [ 0.34575609  0.54361781]]

 [[ 0.04684271 -0.36348751]
  [ 0.04894196 -0.36555279]
  [ 0.05168183 -0.367375  ]
  [ 0.05389352 -0.36859733]
  [ 0.05585573 -0.37051424]
  [ 0.05852001 -0.3711916 ]
  [ 0.06079356 -0.37203467]
  [ 0.0629515  -0.37412937]
  [ 0.06550965 -0.37492591]
  [ 0.0675036  -0.3755524 ]
  [ 0.0695683  -0.37665315]
  [ 0.07193128 -0.37613891]]

 [[ 0.0563203  -0.3223031 ]
  [ 0.05857738 -0.32383676]
  [ 0.06001325 -0.32467333]
  [ 0.06238568 -0.32609638]
  [ 0.06442798 -0.32648195]
  [ 0.06699823 -0.32662811]
  [ 0.07004131 -0.32784329]
  [ 0.07234217 -0.33080337]
  [ 0.07473646 -0.33159919]
  [ 0.07651196 -0.3317764 ]
  [ 0.0783563  -0.3322382 ]
  [ 0.08066566 -0.33289588]]

 [[ 0.05802718 -0.28150296]
  [ 0.06040216 -0.2827944 ]
  [ 0.06197488 -0.28315414]
  [ 0.06453499 -0.28384309]
  [ 0.06624479 -0.28504479]
  [ 0.0680449  -0.28477238]
  [ 0.07044333 -0.28493259]
  [ 0.07246022 -0.28530669]
  [ 0.07513705 -0.28683367]
  [ 0.0770868  -0.28741604]
  [ 0.079236   -0.28840685]
  [ 0.08153698 -0.29037422]]

 [[ 0.199891   -0.20375538]
  [ 0.19823762 -0.2030551 ]
  [ 0.19658465 -0.20168856]
  [ 0.19496582 -0.19925824]
  [ 0.19331813 -0.19676618]
  [ 0.19144629 -0.19507535]
  [ 0.18952714 -0.19460857]
  [ 0.18686025 -0.19406775]
  [ 0.18491279 -0.19279205]
  [ 0.18298728 -0.19017377]
  [ 0.18116966 -0.18931118]
  [ 0.17914358 -0.18829478]]

 [[ 0.2094345  -0.18245391]
  [ 0.2081445  -0.17981866]
  [ 0.20612421 -0.17725973]
  [ 0.20372891 -0.17580518]
  [ 0.20196902 -0.17518302]
  [ 0.2002561  -0.17355618]
  [ 0.19852849 -0.17263324]
  [ 0.19645571 -0.17022953]
  [ 0.1938688  -0.16799503]
  [ 0.19185935 -0.16575867]
  [ 0.18978208 -0.16241633]
  [ 0.1872169  -0.1611592 ]]

 [[ 0.20387818 -0.45172488]
  [ 0.20573705 -0.45233758]
  [ 0.2081408  -0.45456084]
  [ 0.20967152 -0.45616077]
  [ 0.21192522 -0.45728754]
  [ 0.21406293 -0.45795808]
  [ 0.21671516 -0.45940093]
  [ 0.218132   -0.46002594]
  [ 0.22104243 -0.4603981 ]
  [ 0.2237923  -0.46174708]
  [ 0.22583325 -0.4617946 ]
  [ 0.22770542 -0.46376968]]

 [[ 0.20565572 -0.41302672]
  [ 0.20750111 -0.4139872 ]
  [ 0.21032852 -0.41589096]
  [ 0.21271553 -0.4168078 ]
  [ 0.21408196 -0.4181405 ]
  [ 0.2165078  -0.41817383]
  [ 0.21845927 -0.41820463]
  [ 0.2201917  -0.41933993]
  [ 0.22218831 -0.42089058]
  [ 0.22439821 -0.42146827]
  [ 0.2271905  -0.4215465 ]
  [ 0.22913249 -0.42218521]]

 [[ 0.40266547 -0.67269153]
  [ 0.40244807 -0.66784997]
  [ 0.40068753 -0.66436589]
  [ 0.39973526 -0.66051284]
  [ 0.3981057  -0.65699618]
  [ 0.39638433 -0.65467304]
  [ 0.39519466 -0.65349166]
  [ 0.39493591 -0.65214386]
  [ 0.39411723 -0.65246742]
  [ 0.39276142 -0.65053864]
  [ 0.39210713 -0.64802998]
  [ 0.39067879 -0.64664353]]

 [[ 0.42999749 -0.86394023]
  [ 0.43008586 -0.85962412]
  [ 0.43040653 -0.85589284]
  [ 0.42961109 -0.85108328]
  [ 0.42945737 -0.8460654 ]
  [ 0.42954148 -0.84151148]
  [ 0.42967503 -0.83558511]
  [ 0.42990092 -0.83158742]
  [ 0.43014334 -0.82697583]
  [ 0.43023065 -0.82303348]
  [ 0.4302026  -0.81834385]
  [ 0.43003256 -0.81430465]]

 [[ 0.47019808 -0.86121852]
  [ 0.47043502 -0.85751806]
  [ 0.47062612 -0.85485405]
  [ 0.47084836 -0.85080197]
  [ 0.47014549 -0.84824702]
  [ 0.47017283 -0.84600886]
  [ 0.47060274 -0.84316784]
  [ 0.47110999 -0.83982389]
  [ 0.47042727 -0.83537719]
  [ 0.47021015 -0.83216378]
  [ 0.47015212 -0.82842625]
  [ 0.46971433 -0.82351436]]

 [[ 0.70825875 -0.04707642]
  [ 0.70944946 -0.04823611]
  [ 0.7115188  -0.04878737]
  [ 0.71251572 -0.04990029]
  [ 0.7139838  -0.0519499 ]
  [ 0.71548682 -0.05309928]
  [ 0.71651176 -0.05470077]
  [ 0.71823412 -0.05549317]
  [ 0.71868593 -0.05703756]
  [ 0.7194917  -0.0574855 ]
  [ 0.72098069 -0.05764245]
  [ 0.72234808 -0.05856134]]

 [[ 0.73807912 -0.03027272]
  [ 0.7388674  -0.0317833 ]
  [ 0.74025565 -0.0338053 ]
  [ 0.74165959 -0.03437487]
  [ 0.74269182 -0.03518572]
  [ 0.74436079 -0.03671018]
  [ 0.74485873 -0.03696797]
  [ 0.74581239 -0.03705687]
  [ 0.74730846 -0.03765965]
  [ 0.74875877 -0.03860605]
  [ 0.74957361 -0.03845537]
  [ 0.75062329 -0.04017542]]

 [[ 0.76660357 -0.08631286]
  [ 0.76698289 -0.08724841]
  [ 0.76789854 -0.08878639]
  [ 0.76808449 -0.08909614]
  [ 0.76822004 -0.08930035]
  [ 0.76845164 -0.08947585]
  [ 0.76915393 -0.08982303]
  [ 0.76905963 -0.08999097]
  [ 0.76971015 -0.09000488]
  [ 0.77013677 -0.08959101]
  [ 0.77065917 -0.08877907]
  [ 0.77125138 -0.08744224]]

 [[ 0.72271394 -0.10890859]
  [ 0.72327501 -0.10964738]
  [ 0.72448219 -0.10976617]
  [ 0.72505294 -0.10999361]
  [ 0.72571332 -0.11127382]
  [ 0.72574223 -0.11363467]
  [ 0.7256657  -0.11484815]
  [ 0.72604161 -0.11475685]
  [ 0.72705394 -0.11671007]
  [ 0.72738039 -0.11818492]
  [ 0.72784344 -0.11838163]
  [ 0.72856305 -0.11904195]]

 [[-0.62046824 -0.81540581]
  [-0.62148647 -0.81069959]
  [-0.62185906 -0.8058979 ]
  [-0.62230714 -0.80183006]
  [-0.62151867 -0.79835493]
  [-0.62146928 -0.79412195]
  [-0.62167721 -0.78806015]
  [-0.62236934 -0.78416081]
  [-0.62241066 -0.78036724]
  [-0.62265005 -0.77530048]
  [-0.62304446 -0.77046813]
  [-0.62389173 -0.76718578]]

 [[-0.59039384 -0.80133388]
  [-0.59045841 -0.79693953]
  [-0.59134196 -0.79410718]
  [-0.59169785 -0.78991542]
  [-0.59209544 -0.78653619]
  [-0.59297167 -0.78303612]
  [-0.59299429 -0.77844091]
  [-0.59277203 -0.77440271]
  [-0.59297541 -0.77177919]
  [-0.59344356 -0.76660581]
  [-0.59451469 -0.76317264]
  [-0.59509002 -0.75935964]]

 [[-0.56756639 -0.78245117]
  [-0.56778076 -0.77726621]
  [-0.56727546 -0.77332581]
  [-0.56788378 -0.76917526]
  [-0.56797747 -0.76586718]
  [-0.56822333 -0.76278256]
  [-0.56867888 -0.75855085]
  [-0.56922188 -0.75323249]
  [-0.5705213  -0.75085646]
  [-0.57133892 -0.74627825]
  [-0.57129737 -0.74199629]
  [-0.57232845 -0.73671379]]

 [[-0.5428673   0.78714616]
  [-0.54300154  0.7834416 ]
  [-0.54295778  0.77846511]
  [-0.54290469  0.77408848]
  [-0.54297476  0.7703962 ]
  [-0.54319766  0.76623452]
  [-0.54404217  0.7615693 ]
  [-0.54379306  0.75578834]
  [-0.54311508  0.75250777]
  [-0.5435572   0.74770705]
  [-0.54349589  0.74308781]
  [-0.54320955  0.73967917]]

 [[ 0.42870942 -0.88828068]
  [ 0.42844437 -0.88351257]
  [ 0.42771112 -0.87785624]
  [ 0.4267211  -0.87220563]
  [ 0.42648099 -0.86694579]
  [ 0.42650663 -0.86226765]
  [ 0.42657057 -0.85812229]
  [ 0.42670184 -0.85303242]
  [ 0.42675314 -0.84813698]
  [ 0.42664257 -0.84337672]
  [ 0.42635569 -0.83881162]
  [ 0.42619326 -0.83319787]]

 [[-0.61388083 -0.87710793]
  [-0.61452521 -0.8714164 ]
  [-0.61610187 -0.86739556]
  [-0.61596002 -0.86270924]
  [-0.61709154 -0.85862109]
  [-0.61800944 -0.85352828]
  [-0.61953256 -0.84932721]
  [-0.61929877 -0.84509629]
  [-0.61963005 -0.84165281]
  [-0.62055946 -0.83771716]
  [-0.62078032 -0.83437141]
  [-0.62106972 -0.83052421]]

 [[-0.58676188 -0.86166207]
  [-0.58810308 -0.85706606]
  [-0.58916654 -0.85276318]
  [-0.58978388 -0.84783953]
  [-0.59017671 -0.84356436]
  [-0.5911918  -0.84034408]
  [-0.59155657 -0.83714694]
  [-0.59252079 -0.83271717]
  [-0.592462   -0.82892061]
  [-0.5933701  -0.82435409]
  [-0.59377571 -0.81995109]
  [-0.5942113  -0.81496422]]

 [[-0.64531149  0.90530742]
  [-0.64395304  0.90316526]
  [-0.64306244  0.90120953]
  [-0.64113312  0.89918577]
  [-0.63965478  0.8954653 ]
  [-0.63729078  0.89284027]
  [-0.63572153  0.89076397]
  [-0.63451869  0.88713339]
  [-0.63221033  0.88529182]
  [-0.63049906  0.88245718]
  [-0.62899214  0.88101504]
  [-0.62633034  0.87790591]]]